############### Naive Bayes ###############
{'alpha': 1.0, 'class_prior': None, 'fit_prior': True}
             precision    recall  f1-score   support

          0       0.86      0.86      0.86      1032
          1       0.88      0.85      0.87      1007
          2       0.93      0.73      0.82      1025
          3       1.00      0.85      0.92       945
          4       0.77      0.83      0.80      1008
          5       0.77      0.87      0.81       961
          6       0.91      0.82      0.86       996
          7       0.75      0.90      0.82      1001
          8       0.78      0.93      0.85       982
          9       0.90      0.88      0.89       971
         10       0.65      0.89      0.75      1007
         11       0.71      0.86      0.78       984
         12       0.82      0.87      0.85       991
         13       0.92      0.73      0.81       802
         14       0.90      0.92      0.91       989
         15       0.84      0.32      0.47       952

avg / total       0.84      0.82      0.82     15653

############### K-Nearest Neighbors ###############
{'algorithm': 'auto', 'leaf_size': 30, 'metric': 'minkowski', 'metric_params': None, 'n_jobs': 1, 'n_neighbors': 5, 'p': 2, 'weights': 'uniform'}
             precision    recall  f1-score   support

          0       0.89      0.82      0.86      1032
          1       0.85      0.85      0.85      1007
          2       0.84      0.87      0.86      1025
          3       0.93      0.94      0.93       945
          4       0.83      0.86      0.84      1008
          5       0.83      0.81      0.82       961
          6       0.89      0.85      0.87       996
          7       0.88      0.84      0.86      1001
          8       0.86      0.90      0.88       982
          9       0.88      0.90      0.89       971
         10       0.63      0.92      0.75      1007
         11       0.85      0.85      0.85       984
         12       0.87      0.84      0.86       991
         13       0.85      0.85      0.85       802
         14       0.92      0.90      0.91       989
         15       0.81      0.50      0.62       952

avg / total       0.85      0.84      0.84     15653

############### Support Vector Machine (Linear) ###############
{'C': 1.0, 'class_weight': None, 'dual': True, 'fit_intercept': True, 'intercept_scaling': 1, 'loss': 'squared_hinge', 'max_iter': 1000, 'multi_class': 'ovr', 'penalty': 'l2', 'random_state': None, 'tol': 0.0001, 'verbose': 0}
             precision    recall  f1-score   support

          0       0.95      0.95      0.95      1032
          1       0.94      0.95      0.94      1007
          2       0.92      0.93      0.93      1025
          3       0.99      0.97      0.98       945
          4       0.94      0.95      0.95      1008
          5       0.91      0.93      0.92       961
          6       0.94      0.92      0.93       996
          7       0.93      0.93      0.93      1001
          8       0.92      0.93      0.93       982
          9       0.94      0.97      0.95       971
         10       0.94      0.92      0.93      1007
         11       0.92      0.94      0.93       984
         12       0.92      0.94      0.93       991
         13       0.91      0.94      0.92       802
         14       0.97      0.96      0.96       989
         15       0.85      0.78      0.81       952

avg / total       0.93      0.93      0.93     15653
############### Naive Bayes ###############
{'alpha': 0.5, 'class_prior': None, 'fit_prior': True}
             precision    recall  f1-score   support

          0       0.86      0.86      0.86      1032
          1       0.88      0.86      0.87      1007
          2       0.93      0.75      0.83      1025
          3       1.00      0.86      0.92       945
          4       0.79      0.83      0.81      1008
          5       0.77      0.87      0.82       961
          6       0.90      0.84      0.87       996
          7       0.77      0.89      0.83      1001
          8       0.79      0.93      0.85       982
          9       0.90      0.90      0.90       971
         10       0.69      0.88      0.77      1007
         11       0.74      0.86      0.79       984
         12       0.83      0.88      0.86       991
         13       0.91      0.80      0.85       802
         14       0.91      0.92      0.91       989
         15       0.82      0.39      0.53       952

avg / total       0.84      0.83      0.83     15653

############### Support Vector Machine (Linear) ###############
{'C': 1.0, 'class_weight': None, 'dual': False, 'fit_intercept': True, 'intercept_scaling': 1, 'loss': 'squared_hinge', 'max_iter': 1000, 'multi_class': 'ovr', 'penalty': 'l2', 'random_state': None, 'tol': 0.0001, 'verbose': 0}
             precision    recall  f1-score   support

          0       0.95      0.95      0.95      1032
          1       0.94      0.95      0.94      1007
          2       0.92      0.93      0.93      1025
          3       0.99      0.97      0.98       945
          4       0.94      0.95      0.95      1008
          5       0.91      0.93      0.92       961
          6       0.94      0.92      0.93       996
          7       0.93      0.93      0.93      1001
          8       0.92      0.93      0.93       982
          9       0.94      0.97      0.95       971
         10       0.94      0.91      0.93      1007
         11       0.92      0.94      0.93       984
         12       0.92      0.94      0.93       991
         13       0.91      0.94      0.92       802
         14       0.97      0.96      0.96       989
         15       0.85      0.78      0.81       952

avg / total       0.93      0.93      0.93     15653

############### Naive Bayes ###############
{'alpha': 1.5, 'class_prior': None, 'fit_prior': True}
             precision    recall  f1-score   support

          0       0.86      0.87      0.86      1032
          1       0.88      0.84      0.86      1007
          2       0.93      0.72      0.81      1025
          3       1.00      0.85      0.92       945
          4       0.76      0.82      0.79      1008
          5       0.76      0.87      0.81       961
          6       0.91      0.81      0.86       996
          7       0.74      0.90      0.81      1001
          8       0.76      0.93      0.84       982
          9       0.90      0.87      0.89       971
         10       0.62      0.89      0.73      1007
         11       0.69      0.87      0.77       984
         12       0.81      0.86      0.84       991
         13       0.93      0.68      0.79       802
         14       0.90      0.92      0.91       989
         15       0.87      0.29      0.43       952

avg / total       0.83      0.81      0.81     15653

############### Naive Bayes ###############
{'alpha': 0.25, 'class_prior': None, 'fit_prior': True}
             precision    recall  f1-score   support

          0       0.86      0.87      0.86      1032
          1       0.87      0.87      0.87      1007
          2       0.92      0.78      0.85      1025
          3       1.00      0.86      0.92       945
          4       0.80      0.84      0.82      1008
          5       0.78      0.87      0.82       961
          6       0.90      0.85      0.87       996
          7       0.78      0.89      0.83      1001
          8       0.81      0.92      0.86       982
          9       0.89      0.90      0.89       971
         10       0.72      0.86      0.79      1007
         11       0.77      0.85      0.81       984
         12       0.84      0.88      0.86       991
         13       0.88      0.83      0.85       802
         14       0.91      0.92      0.91       989
         15       0.81      0.46      0.58       952

avg / total       0.85      0.84      0.84     15653

############### Naive Bayes ###############
{'alpha': 0.05, 'class_prior': None, 'fit_prior': True}
             precision    recall  f1-score   support

          0       0.85      0.87      0.86      1032
          1       0.86      0.88      0.87      1007
          2       0.91      0.81      0.86      1025
          3       1.00      0.87      0.93       945
          4       0.82      0.85      0.83      1008
          5       0.80      0.87      0.83       961
          6       0.90      0.86      0.88       996
          7       0.82      0.88      0.84      1001
          8       0.83      0.91      0.87       982
          9       0.88      0.92      0.90       971
         10       0.77      0.85      0.81      1007
         11       0.82      0.84      0.83       984
         12       0.85      0.88      0.86       991
         13       0.83      0.90      0.86       802
         14       0.91      0.91      0.91       989
         15       0.78      0.51      0.62       952

avg / total       0.85      0.85      0.85     15653

############### Support Vector Machine (Linear) ###############
{'C': 1.0, 'class_weight': None, 'dual': False, 'fit_intercept': True, 'intercept_scaling': 1, 'loss': 'squared_hinge', 'max_iter': 1000, 'multi_class': 'ovr', 'penalty': 'l1', 'random_state': None, 'tol': 0.0001, 'verbose': 0}
             precision    recall  f1-score   support

          0       0.94      0.94      0.94      1032
          1       0.93      0.93      0.93      1007
          2       0.91      0.92      0.92      1025
          3       0.98      0.97      0.97       945
          4       0.92      0.94      0.93      1008
          5       0.89      0.92      0.91       961
          6       0.93      0.92      0.92       996
          7       0.93      0.91      0.92      1001
          8       0.91      0.93      0.92       982
          9       0.93      0.96      0.95       971
         10       0.93      0.90      0.91      1007
         11       0.92      0.93      0.92       984
         12       0.91      0.93      0.92       991
         13       0.90      0.93      0.91       802
         14       0.96      0.95      0.96       989
         15       0.83      0.76      0.79       952

avg / total       0.92      0.92      0.92     15653

############### Support Vector Machine (Linear) ###############
{'C': 3.0, 'class_weight': None, 'dual': True, 'fit_intercept': True, 'intercept_scaling': 1, 'loss': 'squared_hinge', 'max_iter': 1000, 'multi_class': 'ovr', 'penalty': 'l2', 'random_state': None, 'tol': 0.0001, 'verbose': 0}
             precision    recall  f1-score   support

          0       0.95      0.96      0.95      1032
          1       0.93      0.95      0.94      1007
          2       0.93      0.93      0.93      1025
          3       0.99      0.97      0.98       945
          4       0.94      0.96      0.95      1008
          5       0.92      0.94      0.93       961
          6       0.95      0.92      0.93       996
          7       0.94      0.93      0.93      1001
          8       0.92      0.93      0.93       982
          9       0.94      0.96      0.95       971
         10       0.94      0.91      0.92      1007
         11       0.92      0.95      0.93       984
         12       0.93      0.95      0.94       991
         13       0.92      0.93      0.92       802
         14       0.97      0.96      0.96       989
         15       0.84      0.78      0.81       952

avg / total       0.93      0.93      0.93     15653

############### Support Vector Machine (Linear) ###############
{'C': 10, 'class_weight': None, 'dual': True, 'fit_intercept': True, 'intercept_scaling': 1, 'loss': 'squared_hinge', 'max_iter': 1000, 'multi_class': 'ovr', 'penalty': 'l2', 'random_state': None, 'tol': 0.0001, 'verbose': 0}
             precision    recall  f1-score   support

          0       0.95      0.97      0.96      1032
          1       0.93      0.95      0.94      1007
          2       0.93      0.92      0.92      1025
          3       0.99      0.97      0.98       945
          4       0.93      0.94      0.94      1008
          5       0.91      0.93      0.92       961
          6       0.95      0.92      0.93       996
          7       0.93      0.93      0.93      1001
          8       0.92      0.93      0.93       982
          9       0.94      0.96      0.95       971
         10       0.94      0.91      0.92      1007
         11       0.93      0.95      0.94       984
         12       0.93      0.94      0.94       991
         13       0.92      0.92      0.92       802
         14       0.97      0.96      0.96       989
         15       0.82      0.78      0.80       952

avg / total       0.93      0.93      0.93     15653

############### Support Vector Machine (Linear) ###############
{'C': 100, 'class_weight': None, 'dual': True, 'fit_intercept': True, 'intercept_scaling': 1, 'loss': 'squared_hinge', 'max_iter': 1000, 'multi_class': 'ovr', 'penalty': 'l2', 'random_state': None, 'tol': 0.0001, 'verbose': 0}
             precision    recall  f1-score   support

          0       0.94      0.96      0.95      1032
          1       0.92      0.94      0.93      1007
          2       0.92      0.91      0.91      1025
          3       0.97      0.97      0.97       945
          4       0.92      0.94      0.93      1008
          5       0.90      0.92      0.91       961
          6       0.94      0.91      0.92       996
          7       0.92      0.93      0.92      1001
          8       0.91      0.92      0.91       982
          9       0.93      0.94      0.93       971
         10       0.92      0.91      0.92      1007
         11       0.92      0.92      0.92       984
         12       0.91      0.94      0.93       991
         13       0.91      0.91      0.91       802
         14       0.96      0.94      0.95       989
         15       0.81      0.76      0.78       952

avg / total       0.92      0.92      0.92     15653

############### Support Vector Machine (Linear) ###############
{'C': 0.1, 'class_weight': None, 'dual': True, 'fit_intercept': True, 'intercept_scaling': 1, 'loss': 'squared_hinge', 'max_iter': 1000, 'multi_class': 'ovr', 'penalty': 'l2', 'random_state': None, 'tol': 0.0001, 'verbose': 0}
             precision    recall  f1-score   support

          0       0.91      0.92      0.91      1032
          1       0.91      0.92      0.91      1007
          2       0.90      0.90      0.90      1025
          3       0.99      0.95      0.97       945
          4       0.89      0.92      0.91      1008
          5       0.88      0.90      0.89       961
          6       0.91      0.91      0.91       996
          7       0.91      0.91      0.91      1001
          8       0.89      0.91      0.90       982
          9       0.92      0.95      0.93       971
         10       0.91      0.86      0.88      1007
         11       0.90      0.91      0.91       984
         12       0.89      0.91      0.90       991
         13       0.88      0.91      0.90       802
         14       0.95      0.95      0.95       989
         15       0.82      0.70      0.75       952

avg / total       0.90      0.90      0.90     15653

############### Support Vector Machine (Linear) ###############
{'C': 0.5, 'class_weight': None, 'dual': True, 'fit_intercept': True, 'intercept_scaling': 1, 'loss': 'squared_hinge', 'max_iter': 1000, 'multi_class': 'ovr', 'penalty': 'l2', 'random_state': None, 'tol': 0.0001, 'verbose': 0}
             precision    recall  f1-score   support

          0       0.94      0.94      0.94      1032
          1       0.93      0.94      0.94      1007
          2       0.92      0.92      0.92      1025
          3       0.99      0.97      0.98       945
          4       0.94      0.94      0.94      1008
          5       0.91      0.93      0.92       961
          6       0.93      0.92      0.92       996
          7       0.93      0.92      0.92      1001
          8       0.90      0.93      0.91       982
          9       0.93      0.96      0.95       971
         10       0.93      0.90      0.92      1007
         11       0.91      0.94      0.93       984
         12       0.91      0.94      0.92       991
         13       0.90      0.93      0.91       802
         14       0.96      0.96      0.96       989
         15       0.85      0.76      0.80       952

avg / total       0.92      0.92      0.92     15653

############### Support Vector Machine (Linear) ###############
{'C': 0.9, 'class_weight': None, 'dual': True, 'fit_intercept': True, 'intercept_scaling': 1, 'loss': 'squared_hinge', 'max_iter': 1000, 'multi_class': 'ovr', 'penalty': 'l2', 'random_state': None, 'tol': 0.0001, 'verbose': 0}
             precision    recall  f1-score   support

          0       0.95      0.95      0.95      1032
          1       0.93      0.95      0.94      1007
          2       0.92      0.93      0.92      1025
          3       0.99      0.97      0.98       945
          4       0.94      0.95      0.94      1008
          5       0.91      0.93      0.92       961
          6       0.94      0.92      0.93       996
          7       0.93      0.92      0.93      1001
          8       0.92      0.93      0.92       982
          9       0.94      0.97      0.95       971
         10       0.94      0.91      0.92      1007
         11       0.92      0.94      0.93       984
         12       0.92      0.94      0.93       991
         13       0.91      0.94      0.92       802
         14       0.96      0.96      0.96       989
         15       0.86      0.78      0.81       952

avg / total       0.93      0.93      0.93     15653

############### Support Vector Machine (Linear) ###############
{'C': 1.0, 'class_weight': None, 'dual': True, 'fit_intercept': False, 'intercept_scaling': 1, 'loss': 'squared_hinge', 'max_iter': 1000, 'multi_class': 'ovr', 'penalty': 'l2', 'random_state': None, 'tol': 0.0001, 'verbose': 0}
             precision    recall  f1-score   support

          0       0.94      0.95      0.95      1032
          1       0.93      0.94      0.94      1007
          2       0.92      0.93      0.93      1025
          3       0.99      0.97      0.98       945
          4       0.94      0.95      0.94      1008
          5       0.91      0.93      0.92       961
          6       0.93      0.92      0.93       996
          7       0.94      0.92      0.93      1001
          8       0.91      0.93      0.92       982
          9       0.94      0.97      0.95       971
         10       0.93      0.90      0.92      1007
         11       0.92      0.94      0.93       984
         12       0.92      0.94      0.93       991
         13       0.91      0.93      0.92       802
         14       0.96      0.96      0.96       989
         15       0.84      0.78      0.81       952

avg / total       0.93      0.93      0.93     15653

############### Support Vector Machine (Linear) ###############
{'C': 1.0, 'class_weight': None, 'dual': True, 'fit_intercept': True, 'intercept_scaling': 1, 'loss': 'squared_hinge', 'max_iter': 1000, 'multi_class': 'ovr', 'penalty': 'l2', 'random_state': None, 'tol': 0.0001, 'verbose': 0}
             precision    recall  f1-score   support

          0       0.95      0.95      0.95      1032
          1       0.94      0.95      0.94      1007
          2       0.92      0.93      0.93      1025
          3       0.99      0.97      0.98       945
          4       0.94      0.95      0.95      1008
          5       0.91      0.93      0.92       961
          6       0.94      0.92      0.93       996
          7       0.93      0.93      0.93      1001
          8       0.92      0.93      0.93       982
          9       0.94      0.97      0.95       971
         10       0.94      0.92      0.93      1007
         11       0.92      0.94      0.93       984
         12       0.92      0.94      0.93       991
         13       0.91      0.94      0.92       802
         14       0.97      0.96      0.96       989
         15       0.85      0.78      0.81       952

avg / total       0.93      0.93      0.93     15653

############### Support Vector Machine (Linear) ###############
{'C': 1.0, 'class_weight': None, 'dual': True, 'fit_intercept': True, 'intercept_scaling': 1, 'loss': 'squared_hinge', 'max_iter': 1000, 'multi_class': 'ovr', 'penalty': 'l2', 'random_state': None, 'tol': 0.1, 'verbose': 0}
             precision    recall  f1-score   support

          0       0.95      0.95      0.95      1032
          1       0.94      0.95      0.94      1007
          2       0.92      0.93      0.93      1025
          3       0.99      0.97      0.98       945
          4       0.94      0.95      0.95      1008
          5       0.92      0.93      0.92       961
          6       0.94      0.92      0.93       996
          7       0.93      0.93      0.93      1001
          8       0.92      0.93      0.93       982
          9       0.94      0.97      0.95       971
         10       0.94      0.92      0.93      1007
         11       0.92      0.94      0.93       984
         12       0.92      0.94      0.93       991
         13       0.91      0.94      0.92       802
         14       0.97      0.96      0.96       989
         15       0.85      0.78      0.81       952

avg / total       0.93      0.93      0.93     15653

############### Support Vector Machine (Linear) ###############
{'C': 1.0, 'class_weight': None, 'dual': True, 'fit_intercept': True, 'intercept_scaling': 1, 'loss': 'squared_hinge', 'max_iter': 1000, 'multi_class': 'ovr', 'penalty': 'l2', 'random_state': None, 'tol': 1e-10, 'verbose': 0}
             precision    recall  f1-score   support

          0       0.95      0.95      0.95      1032
          1       0.94      0.95      0.94      1007
          2       0.92      0.93      0.93      1025
          3       0.99      0.97      0.98       945
          4       0.94      0.95      0.95      1008
          5       0.91      0.93      0.92       961
          6       0.94      0.92      0.93       996
          7       0.93      0.93      0.93      1001
          8       0.92      0.93      0.93       982
          9       0.94      0.97      0.95       971
         10       0.94      0.92      0.93      1007
         11       0.92      0.94      0.93       984
         12       0.92      0.94      0.93       991
         13       0.91      0.94      0.92       802
         14       0.97      0.96      0.96       989
         15       0.85      0.78      0.81       952

avg / total       0.93      0.93      0.93     15653

############### K-Nearest Neighbors ###############
{'algorithm': 'auto', 'leaf_size': 30, 'metric': 'minkowski', 'metric_params': None, 'n_jobs': 1, 'n_neighbors': 10, 'p': 2, 'weights': 'uniform'}
             precision    recall  f1-score   support

          0       0.90      0.76      0.83      1032
          1       0.85      0.79      0.82      1007
          2       0.84      0.87      0.85      1025
          3       0.94      0.93      0.94       945
          4       0.81      0.84      0.82      1008
          5       0.84      0.76      0.80       961
          6       0.88      0.82      0.85       996
          7       0.89      0.82      0.85      1001
          8       0.82      0.90      0.86       982
          9       0.86      0.89      0.88       971
         10       0.52      0.91      0.66      1007
         11       0.82      0.83      0.82       984
         12       0.85      0.78      0.82       991
         13       0.83      0.80      0.81       802
         14       0.89      0.91      0.90       989
         15       0.76      0.41      0.53       952

avg / total       0.83      0.82      0.82     15653

############### K-Nearest Neighbors ###############
{'algorithm': 'auto', 'leaf_size': 30, 'metric': 'minkowski', 'metric_params': None, 'n_jobs': 1, 'n_neighbors': 3, 'p': 2, 'weights': 'uniform'}
             precision    recall  f1-score   support

          0       0.89      0.86      0.88      1032
          1       0.85      0.88      0.86      1007
          2       0.84      0.89      0.87      1025
          3       0.94      0.95      0.94       945
          4       0.85      0.88      0.86      1008
          5       0.84      0.84      0.84       961
          6       0.90      0.85      0.87       996
          7       0.90      0.85      0.87      1001
          8       0.86      0.90      0.88       982
          9       0.90      0.90      0.90       971
         10       0.70      0.92      0.79      1007
         11       0.87      0.86      0.87       984
         12       0.88      0.87      0.88       991
         13       0.88      0.85      0.87       802
         14       0.93      0.91      0.92       989
         15       0.81      0.55      0.66       952

avg / total       0.86      0.86      0.86     15653

############### Support Vector Machine (Linear) ###############
{'C': 1.0, 'class_weight': None, 'dual': True, 'fit_intercept': True, 'intercept_scaling': 1, 'loss': 'squared_hinge', 'max_iter': 1000, 'multi_class': 'ovr', 'penalty': 'l2', 'random_state': None, 'tol': 0.0001, 'verbose': 0}
             precision    recall  f1-score   support

          0       0.95      0.95      0.95      1032
          1       0.94      0.95      0.94      1007
          2       0.92      0.93      0.93      1025
          3       0.99      0.97      0.98       945
          4       0.94      0.95      0.95      1008
          5       0.91      0.93      0.92       961
          6       0.94      0.92      0.93       996
          7       0.93      0.93      0.93      1001
          8       0.92      0.93      0.93       982
          9       0.94      0.97      0.95       971
         10       0.94      0.92      0.93      1007
         11       0.92      0.94      0.93       984
         12       0.92      0.94      0.93       991
         13       0.91      0.94      0.92       802
         14       0.97      0.96      0.96       989
         15       0.85      0.78      0.81       952

avg / total       0.93      0.93      0.93     15653

############### Support Vector Machine (Linear) ###############
{'C': 1.0, 'class_weight': None, 'dual': True, 'fit_intercept': True, 'intercept_scaling': 1, 'loss': 'squared_hinge', 'max_iter': 1000, 'multi_class': 'ovr', 'penalty': 'l2', 'random_state': None, 'tol': 0.0001, 'verbose': 0}
             precision    recall  f1-score   support

          0       0.95      0.96      0.96      1032
          1       0.94      0.96      0.95      1007
          2       0.94      0.94      0.94      1025
          3       0.99      0.97      0.98       945
          4       0.94      0.96      0.95      1008
          5       0.93      0.94      0.93       961
          6       0.94      0.93      0.94       996
          7       0.94      0.93      0.94      1001
          8       0.92      0.94      0.93       982
          9       0.94      0.97      0.95       971
         10       0.94      0.92      0.93      1007
         11       0.93      0.95      0.94       984
         12       0.94      0.95      0.94       991
         13       0.92      0.94      0.93       802
         14       0.97      0.96      0.96       989
         15       0.87      0.80      0.83       952

avg / total       0.94      0.94      0.94     15653

############### Support Vector Machine (Linear) ###############
{'C': 1.0, 'class_weight': None, 'dual': True, 'fit_intercept': True, 'intercept_scaling': 1, 'loss': 'squared_hinge', 'max_iter': 1000, 'multi_class': 'ovr', 'penalty': 'l2', 'random_state': None, 'tol': 0.0001, 'verbose': 0}
             precision    recall  f1-score   support

          0       0.95      0.96      0.96      1032
          1       0.94      0.96      0.95      1007
          2       0.94      0.94      0.94      1025
          3       0.99      0.97      0.98       945
          4       0.94      0.96      0.95      1008
          5       0.93      0.94      0.93       961
          6       0.94      0.93      0.94       996
          7       0.94      0.93      0.94      1001
          8       0.92      0.94      0.93       982
          9       0.94      0.97      0.95       971
         10       0.94      0.92      0.93      1007
         11       0.93      0.95      0.94       984
         12       0.94      0.95      0.94       991
         13       0.92      0.94      0.93       802
         14       0.97      0.96      0.96       989
         15       0.87      0.80      0.83       952

avg / total       0.94      0.94      0.94     15653

